2022-09-04 13|29|65|37424|84015|30860
2022-09-04 13|27|72|84559|55051|75687
2022-09-04 13|29|29|18649|85393|35271
2022-09-04 13|83|55|52761|5673|26958
2022-09-04 13|71|5|90978|37807|70239
2022-09-04 13|15|72|70144|88415|95553
2022-09-04 13|92|49|44293|45872|72793
2022-09-04 13|75|24|55345|38862|4976
2022-09-04 13|71|24|70790|4861|16545
2022-09-04 13|84|17|74638|56636|54906
2022-09-04 14|17|93|1916|60277|47937
2022-09-04 14|62|71|48223|37132|40317
2022-09-04 14|48|9|7190|42700|10538
2022-09-04 14|88|74|80653|87890|16726
2022-09-04 14|1|11|22863|39702|8237
2022-09-04 14|27|93|92894|46426|43744
2022-09-04 14|67|53|52508|43324|47893
2022-09-04 14|88|55|72293|64097|9010
2022-09-04 14|85|78|10149|84421|96715
2022-09-04 14|88|12|59810|50712|92227
2022-09-04 14|20|45|62777|79517|12596
2022-09-04 14|89|21|86406|28813|43777
2022-09-04 14|78|63|19773|8457|44579
2022-09-04 14|87|28|92758|24052|57528
2022-09-04 14|21|6|43263|82202|82169
2022-09-04 14|46|16|84126|48244|66792
2022-09-04 14|36|88|7449|76987|59448
2022-09-04 14|76|28|99220|54276|34013
2022-09-04 14|30|60|67522|66319|4440
2022-09-04 14|69|31|20961|44479|37162
2022-09-04 14|57|38|81317|2608|75567
2022-09-04 14|58|53|86660|38887|29675
2022-09-04 14|29|18|33106|91774|48535
2022-09-04 14|31|16|3846|5209|75820
2022-09-04 14|80|2|94915|35690|38632
2022-09-04 14|93|33|79151|25201|34301
2022-09-04 14|87|46|64780|23013|83462
2022-09-04 14|69|6|5922|30981|3475
2022-09-04 14|6|9|36461|54532|58967
2022-09-04 14|34|98|73015|14597|74247
2022-09-04 14|96|48|70977|25595|17505
2022-09-04 14|42|75|9671|92968|72436
2022-09-04 14|80|6|37358|83250|35975
2022-09-04 14|24|40|42290|86655|42220
2022-09-04 14|68|18|68797|14070|33015
2022-09-04 14|57|40|16647|9407|46562
2022-09-04 14|85|55|39240|52149|24436
2022-09-04 14|34|64|74633|11969|86519
2022-09-04 14|89|31|4146|19999|18968
2022-09-04 14|23|86|89238|95648|53438
2022-09-04 14|11|39|32869|57136|6601
2022-09-04 14|52|16|28517|45811|66581
2022-09-04 14|58|34|1216|75291|32980
2022-09-04 14|14|89|52953|85639|93757
2022-09-04 14|57|3|68189|1728|77965
2022-09-04 14|50|38|84088|4471|52676
2022-09-04 14|80|59|88413|4927|32482
2022-09-04 14|54|51|72634|12226|89736
2022-09-04 14|17|34|74892|62442|61149
2022-09-04 14|58|13|79662|48216|75842
2022-09-04 14|95|91|38199|73784|1109
2022-09-04 14|95|3|76104|58825|34202
2022-09-04 14|76|60|25707|88114|23616
2022-09-04 14|89|74|79705|11773|93472
2022-09-04 14|64|29|72647|96276|8671
2022-09-04 14|54|10|31253|39585|52728
2022-09-04 14|64|94|81684|1008|88395
2022-09-04 14|95|97|15504|4861|7699
2022-09-04 14|46|72|23696|24696|52398
2022-09-04 14|1|70|82382|45649|57201
2022-09-04 14|89|47|61836|74146|84233
2022-09-04 14|89|76|85256|95069|80600
2022-09-04 14|53|77|67019|43569|44890
2022-09-04 15|69|61|42479|78570|60173
2022-09-04 15|6|96|9519|73537|2408
2022-09-04 15|21|82|26714|26462|89541
2022-09-04 15|65|28|18954|75490|91947
2022-09-04 15|19|22|27730|7582|30645
2022-09-04 15|42|9|72202|77338|10423
2022-09-04 15|79|31|40500|41653|37329
2022-09-04 15|70|25|29159|86665|58667
2022-09-04 15|56|89|22259|51035|65994
2022-09-04 15|16|1|97999|18143|79540
2022-09-04 15|28|82|56171|30343|75884
2022-09-04 15|9|36|16383|72496|46527
2022-09-04 15|1|55|38491|2444|85029
2022-09-04 15|97|67|35071|32879|61303
2022-09-04 15|35|9|77347|50725|66627
2022-09-04 15|11|21|68375|87317|60671
2022-09-04 15|19|6|8548|66614|90545
2022-09-04 15|46|73|67786|31004|11365
2022-09-04 15|74|76|87811|65779|99823
2022-09-04 15|64|26|17902|90388|66910
2022-09-04 15|33|8|50453|49251|90422
2022-09-04 15|58|85|34428|36969|7017
2022-09-04 15|57|84|46044|32189|62191
2022-09-04 15|89|12|76985|12230|22053
2022-09-04 15|89|21|98802|20852|35240
2022-09-04 15|21|75|87207|10823|13151
2022-09-04 15|1|13|34784|44977|87695
2022-09-04 15|96|73|5480|24530|60363
2022-09-04 15|88|76|84760|68547|56129
2022-09-04 15|84|85|45873|86172|1950
2022-09-04 15|10|31|18274|59583|51763
2022-09-04 15|36|60|20479|87454|7588
2022-09-04 15|48|11|48292|89021|90714
2022-09-04 15|44|74|39085|76982|80620
2022-09-04 15|75|26|57218|4673|5070
2022-09-04 15|41|31|4055|72185|35033
2022-09-04 16|28|13|9328|74615|11289
2022-09-04 16|24|59|69389|74954|16893
2022-09-04 16|13|65|36705|89873|66825
2022-09-04 16|87|10|79123|98978|74452
2022-09-04 16|28|11|67835|2408|52561
2022-09-04 16|55|54|3577|10041|50224
2022-09-04 16|91|50|26069|76987|45044
2022-09-04 16|64|2|39356|10002|50636
2022-09-04 16|57|66|32492|29875|61651
2022-09-04 18|77|77|11580|49043|48492
2022-09-04 18|19|53|25496|45764|74733
2022-09-04 18|13|83|57882|7715|6998
2022-09-04 21|31|66|41170|35919|81014
2022-09-04 22|33|41|46249|83218|72662
2022-09-04 22|92|98|50034|80723|69937
2022-09-04 22|81|80|85079|44056|17803
2022-09-04 22|72|68|49122|61319|18864
2022-09-04 22|63|53|79966|32996|42748
2022-09-04 22|66|31|75574|37149|20515
2022-09-04 22|68|77|81282|23561|16577
2022-09-04 22|27|32|92758|39502|15981
2022-09-04 22|22|72|37066|60605|40135
2022-09-04 23|73|28|85683|65938|82556
2022-09-04 23|24|3|6877|72327|58705
2022-09-04 23|83|25|37578|85281|34564
2022-09-04 23|54|79|62273|91952|55102
2022-09-04 23|54|85|94999|78724|56799
2022-09-04 23|17|1|77503|32469|36216
2022-09-04 23|91|89|56328|79053|17642
2022-09-04 23|3|14|14444|79990|9928
2022-09-05 00|73|45|98667|66801|87945
2022-09-05 00|37|77|10052|34220|86301
2022-09-05 00|38|50|45660|84834|39479
2022-09-05 00|18|58|71685|55940|20666
2022-09-05 00|73|70|9585|35886|86051
2022-09-05 00|40|9|61381|30326|40218
2022-09-05 01|21|94|79262|39143|30494
2022-09-05 01|3|84|35722|17507|47250
2022-09-05 02|92|23|81567|79149|49684
2022-09-05 02|16|96|98241|78009|23971
2022-09-05 03|9|34|83524|80886|69247
2022-09-05 04|38|86|34484|20754|99833
2022-09-05 05|75|67|25234|35759|8208
2022-09-05 05|40|27|1878|45577|26060
2022-09-05 06|73|27|26955|17221|49748
2022-09-05 06|61|40|82650|70870|53126
2022-09-05 06|42|83|19445|69413|88095
2022-09-05 06|80|36|86744|99008|33612
2022-09-05 08|7|66|3533|67023|7596
2022-09-05 08|83|43|16256|53793|9724
2022-09-05 08|5|12|8164|20144|48312
2022-09-05 08|87|42|79771|42421|66867
2022-09-05 08|52|45|95722|47769|19852
2022-09-05 08|18|21|46331|53460|28426
2022-09-05 09|86|67|94892|65419|91677
2022-09-05 09|56|31|70526|96889|27396
2022-09-05 09|1|83|64636|95904|29161
2022-09-05 09|36|92|82361|82189|3763
2022-09-05 09|7|17|5717|54424|55760
2022-09-05 09|91|86|51207|19225|99575
